image: tata_7thmarch_long.pgm
resolution: 0.010000
origin: [-16.200000, -75.720000, 0.000000]
negate: 0
occupied_thresh: 0.65
free_thresh: 0.196

